-1,0,-1
-1,0,-1
-1,0,-1
-1,0,-1
0,0,0
1,0,1
2,0,2
3,0,3
4,0,4
5,0,5
6,0,6
7,0,7
8,0,8
9,0,9
10,0,10
11,0,11
12,0,12
13,0,13
14,0,14
15,0,15
16,0,16
17,0,17
18,0,18
19,0,19
20,0,20
21,0,21
22,0,22
23,0,23
25,0,25
26,0,26
26,0,26
27,0,27
28,0,28
29,0,29
30,0,30
31,0,31
32,0,32
33,0,33
34,0,34
35,0,35
36,0,36
37,0,37
38,0,38
39,0,39
40,0,40
41,0,41
42,0,42
43,0,43
44,0,44
45,0,45
46,0,46
47,0,47
48,1,47
49,2,47
50,3,47
51,4,47
52,5,47
53,6,47
54,7,47
55,8,47
56,9,47
57,10,47
58,11,47
59,12,47
60,13,47
61,14,47
62,15,47
63,16,47
64,17,47
65,18,47
66,19,47
67,20,47
68,21,47
69,22,47
70,23,47
71,24,47
72,25,47
73,26,47
74,27,47
75,28,47
76,29,47
77,30,47
78,31,47
79,32,47
80,33,47
81,34,47
82,35,47
83,36,47
84,37,47
85,38,47
86,39,47
87,40,47
88,41,47
89,42,47
90,43,47
91,44,47
92,45,47
93,46,47
94,47,47
95,48,47
96,49,47
97,50,47
98,51,47
99,52,47
100,53,47
101,54,47
102,55,47
103,56,47
104,57,47
105,58,47
106,59,47
107,60,47
108,61,47
109,62,47
110,63,47
111,64,47
112,65,47
113,66,47
114,67,47
115,68,47
116,69,47
117,70,47
118,71,47
119,72,47
120,73,47
121,74,47
122,75,47
124,77,47
125,78,47
125,79,46
126,80,46
127,81,46
128,82,46
129,83,46
130,84,46
131,85,46
132,86,46
133,87,46
134,88,46
135,89,46
136,90,46
137,91,46
138,92,46
139,93,46
140,94,46
141,95,46
142,96,46
143,97,46
144,98,46
145,99,46
146,100,46
147,101,46
148,102,46
149,103,46
150,104,46
151,105,46
152,106,46
153,107,46
154,108,46
155,109,46
156,110,46
157,111,46
158,112,46
159,113,46
160,114,46
161,115,46
162,116,46
163,117,46
164,118,46
165,119,46
166,120,46
167,121,46
168,122,46
169,123,46
170,124,46
171,125,46
172,126,46
173,127,46
174,128,46
175,129,46
176,130,46
177,131,46
178,132,46
179,133,46
180,134,46
181,135,46
182,136,46
183,137,46
184,138,46
185,139,46
186,140,46
187,141,46
188,142,46
189,143,46
190,144,46
191,145,46
192,146,46
193,147,46
194,148,46
195,149,46
196,150,46
197,151,46
198,152,46
199,153,46
200,154,46
201,155,46
202,156,46
203,157,46
204,158,46
205,159,46
206,160,46
207,161,46
208,162,46
209,163,46
210,164,46
211,165,46
212,166,46
213,167,46
214,168,46
215,169,46
216,170,46
217,171,46
218,172,46
219,173,46
220,174,46
221,175,46
222,176,46
223,177,46
224,178,46
225,179,46
225,180,45
226,181,45
227,182,45
228,183,45
229,184,45
230,185,45
231,186,45
232,187,45
233,188,45
234,189,45
235,190,45
236,191,45
237,192,45
238,193,45
239,194,45
240,195,45
241,196,45
242,197,45
243,198,45
244,199,45
245,200,45
246,201,45
247,202,45
248,203,45
249,204,45
250,205,45
251,206,45
252,207,45
253,208,45
254,209,45
255,210,45
256,211,45
257,212,45
258,213,45
259,214,45
260,215,45
261,216,45
262,217,45
263,218,45
264,219,45
265,220,45
266,221,45
267,222,45
268,223,45
269,224,45
270,225,45
271,226,45
272,227,45
273,228,45
274,229,45
275,230,45
276,231,45
277,232,45
278,233,45
279,234,45
280,235,45
281,236,45
282,237,45
283,238,45
284,239,45
285,240,45
286,241,45
287,242,45
288,243,45
289,244,45
290,245,45
291,246,45
292,247,45
293,248,45
294,249,45
295,250,45
296,251,45
297,252,45
298,253,45
299,254,45
300,255,45
301,256,45
302,257,45
303,258,45
304,259,45
305,260,45
306,261,45
307,262,45
308,263,45
309,264,45
310,265,45
311,266,45
312,267,45
313,268,45
314,269,45
315,270,45
316,271,45
317,272,45
318,273,45
319,274,45
320,275,45
322,277,45
323,278,45
323,279,44
324,280,44
325,281,44
326,282,44
327,283,44
328,284,44
329,285,44
330,286,44
331,287,44
332,288,44
333,289,44
334,290,44
335,291,44
336,292,44
337,293,44
338,294,44
339,295,44
340,296,44
341,297,44
342,298,44
343,299,44
344,300,44
345,301,44
346,302,44
347,303,44
348,304,44
349,305,44
350,306,44
351,307,44
352,308,44
353,309,44
354,310,44
355,311,44
356,312,44
357,313,44
358,314,44
359,315,44
360,316,44
361,317,44
362,318,44
363,319,44
364,320,44
365,321,44
366,322,44
367,323,44
368,324,44
369,325,44
370,326,44
371,327,44
372,328,44
373,329,44
374,330,44
375,331,44
376,332,44
377,333,44
378,334,44
379,335,44
380,336,44
381,337,44
382,338,44
383,339,44
384,340,44
385,341,44
386,342,44
387,343,44
388,344,44
389,345,44
390,346,44
391,347,44
392,348,44
393,349,44
394,350,44
395,351,44
396,352,44
397,353,44
398,354,44
399,355,44
400,356,44
401,357,44
402,358,44
403,359,44
404,360,44
405,361,44
406,362,44
407,363,44
408,364,44
409,365,44
410,366,44
411,367,44
412,368,44
413,369,44
414,370,44
415,371,44
416,372,44
417,373,44
418,374,44
419,375,44
420,376,44
421,377,44
422,378,44
423,379,44
424,380,44
425,381,44
426,382,44
427,383,44
428,384,44
429,385,44
430,386,44
431,387,44
432,388,44
433,389,44
434,390,44
435,391,44
436,392,44
437,393,44
438,394,44
439,395,44
440,396,44
441,397,44
442,398,44
443,399,44
444,400,44
445,401,44
446,402,44
447,403,44
448,404,44
449,405,44
450,406,44
451,407,44
452,408,44
453,409,44
454,410,44
455,411,44
456,412,44
457,413,44
458,414,44
459,415,44
459,416,43
460,417,43
461,418,43
462,419,43
463,420,43
464,421,43
465,422,43
466,423,43
467,424,43
468,425,43
469,426,43
470,427,43
471,428,43
472,429,43
473,430,43
474,431,43
475,432,43
476,433,43
477,434,43
478,435,43
479,436,43
480,437,43
481,438,43
482,439,43
483,440,43
484,441,43
485,442,43
486,443,43
487,444,43
488,445,43
489,446,43
490,447,43
491,448,43
492,449,43
493,450,43
494,451,43
495,452,43
496,453,43
497,454,43
498,455,43
499,456,43
500,457,43
501,458,43
502,459,43
503,460,43
504,461,43
505,462,43
506,463,43
507,464,43
508,465,43
509,466,43
510,467,43
511,468,43
512,469,43
513,470,43
514,471,43
515,472,43
516,473,43
517,474,43
518,475,43
519,476,43
520,477,43
521,478,43
522,479,43
523,480,43
524,481,43
525,482,43
526,483,43
527,484,43
528,485,43
529,486,43
530,487,43
531,488,43
532,489,43
533,490,43
534,491,43
535,492,43
536,493,43
537,494,43
538,495,43
539,496,43
540,497,43
541,498,43
542,499,43
543,500,43
544,501,43
545,502,43
546,503,43
547,504,43
548,505,43
549,506,43
550,507,43
551,508,43
552,509,43
553,510,43
554,511,43
555,512,43
556,513,43
557,514,43
558,515,43
559,516,43
560,517,43
561,518,43
562,519,43
563,520,43
564,521,43
565,522,43
566,523,43
567,524,43
568,525,43
569,526,43
570,527,43
571,528,43
572,529,43
573,530,43
574,531,43
575,532,43
576,533,43
577,534,43
578,535,43
579,536,43
580,537,43
581,538,43
582,539,43
583,540,43
584,541,43
585,542,43
586,543,43
587,544,43
588,545,43
589,546,43
590,547,43
591,548,43
592,549,43
593,550,43
594,551,43
595,552,43
596,553,43
597,554,43
598,555,43
599,556,43
600,557,43
601,558,43
602,559,43
603,560,43
604,561,43
605,562,43
606,563,43
607,564,43
608,565,43
609,566,43
610,567,43
611,568,43
612,569,43
613,570,43
614,571,43
615,572,43
616,573,43
617,574,43
618,575,43
619,576,43
620,577,43
621,578,43
622,579,43
623,580,43
624,581,43
625,582,43
626,583,43
627,584,43
628,585,43
629,586,43
630,587,43
631,588,43
632,589,43
633,590,43
634,591,43
635,592,43
636,593,43
637,594,43
638,595,43
639,596,43
640,597,43
641,598,43
642,599,43
643,600,43
644,601,43
645,602,43
646,603,43
647,604,43
648,605,43
649,606,43
650,607,43
651,608,43
652,609,43
653,610,43
654,611,43
655,612,43
656,613,43
657,614,43
658,615,43
659,616,43
660,617,43
661,618,43
662,619,43
663,620,43
664,621,43
665,622,43
666,623,43
667,624,43
668,625,43
669,626,43
670,627,43
671,628,43
672,629,43
673,630,43
674,631,43
675,632,43
676,633,43
677,634,43
678,635,43
679,636,43
680,637,43
681,638,43
682,639,43
683,640,43
684,641,43
685,642,43
686,643,43
687,644,43
688,645,43
689,646,43
690,647,43
691,648,43
692,649,43
693,650,43
694,651,43
695,652,43
696,653,43
697,654,43
698,655,43
699,656,43
700,657,43
701,658,43
702,659,43
703,660,43
704,661,43
705,662,43
706,663,43
707,664,43
708,665,43
709,666,43
710,667,43
711,668,43
712,669,43
713,670,43
714,671,43
715,672,43
716,673,43
717,674,43
718,675,43
719,676,43
720,677,43
721,678,43
722,679,43
723,680,43
724,681,43
725,682,43
726,683,43
727,684,43
728,685,43
729,686,43
730,687,43
731,688,43
732,689,43
733,690,43
734,691,43
735,692,43
736,693,43
737,694,43
738,695,43
739,696,43
740,697,43
741,698,43
742,699,43
743,700,43
744,701,43
745,702,43
746,703,43
747,704,43
748,705,43
749,706,43
750,707,43
751,708,43
752,709,43
753,710,43
754,711,43
755,712,43
756,713,43
757,714,43
758,715,43
759,716,43
760,717,43
761,718,43
762,719,43
763,720,43
764,721,43
765,722,43
766,723,43
767,724,43
768,725,43
769,726,43
770,727,43
771,728,43
772,729,43
773,730,43
774,731,43
775,732,43
776,733,43
777,734,43
778,735,43
779,736,43
780,737,43
781,738,43
782,739,43
783,740,43
784,741,43
785,742,43
786,743,43
787,744,43
788,745,43
789,746,43
790,747,43
791,748,43
792,749,43
793,750,43
794,751,43
795,752,43
796,753,43
797,754,43
798,755,43
799,756,43
800,757,43
801,758,43
802,759,43
803,760,43
804,761,43
805,762,43
806,763,43
807,764,43
808,765,43
809,766,43
810,767,43
811,768,43
812,769,43
813,770,43
814,771,43
815,772,43
816,773,43
817,774,43
818,775,43
819,776,43
820,777,43
821,778,43
822,779,43
823,780,43
824,781,43
824,782,42
825,783,42
826,784,42
827,785,42
828,786,42
829,787,42
830,788,42
831,789,42
832,790,42
833,791,42
834,792,42
835,793,42
836,794,42
837,795,42
838,796,42
839,797,42
840,798,42
841,799,42
842,800,42
843,801,42
844,802,42
845,803,42
846,804,42
847,805,42
848,806,42
849,807,42
850,808,42
851,809,42
852,810,42
853,811,42
854,812,42
855,813,42
856,814,42
857,815,42
858,816,42
859,817,42
860,818,42
861,819,42
862,820,42
863,821,42
864,822,42
865,823,42
866,824,42
867,825,42
868,826,42
869,827,42
870,828,42
871,829,42
872,830,42
873,831,42
874,832,42
875,833,42
876,834,42
877,835,42
878,836,42
879,837,42
880,838,42
881,839,42
882,840,42
883,841,42
884,842,42
885,843,42
886,844,42
887,845,42
888,846,42
889,847,42
890,848,42
891,849,42
892,850,42
893,851,42
894,852,42
895,853,42
896,854,42
897,855,42
898,856,42
899,857,42
900,858,42
901,859,42
902,860,42
903,861,42
904,862,42
905,863,42
906,864,42
907,865,42
908,866,42
909,867,42
910,868,42
911,869,42
912,870,42
913,871,42
914,872,42
915,873,42
916,874,42
917,875,42
919,877,42
920,878,42
920,879,41
921,880,41
922,881,41
923,882,41
924,883,41
925,884,41
926,885,41
927,886,41
928,887,41
929,888,41
930,889,41
931,890,41
932,891,41
933,892,41
934,893,41
935,894,41
936,895,41
937,896,41
938,897,41
939,898,41
940,899,41
941,900,41
942,901,41
943,902,41
944,903,41
945,904,41
946,905,41
947,906,41
948,907,41
949,908,41
950,909,41
951,910,41
952,911,41
953,912,41
954,913,41
955,914,41
956,915,41
957,916,41
958,917,41
959,918,41
960,919,41
961,920,41
962,921,41
963,922,41
964,923,41
965,924,41
966,925,41
967,926,41
968,927,41
969,928,41
970,929,41
971,930,41
972,931,41
973,932,41
974,933,41
975,934,41
976,935,41
977,936,41
978,937,41
979,938,41
980,939,41
981,940,41
982,941,41
983,942,41
984,943,41
985,944,41
986,945,41
987,946,41
988,947,41
989,948,41
990,949,41
991,950,41
992,951,41
993,952,41
994,953,41
995,954,41
996,955,41
997,956,41
998,957,41
999,958,41
1000,959,41
1001,960,41
1002,961,41
1003,962,41
1004,963,41
1005,964,41
1006,965,41
1007,966,41
1008,967,41
1009,968,41
1010,969,41
1011,970,41
1012,971,41
1013,972,41
1013,973,40
1013,974,39
1014,975,39
1016,977,39
1017,978,39
1017,979,38
1018,980,38
1019,981,38
1020,982,38
1021,983,38
1022,984,38
1023,985,38
1024,986,38
1025,987,38
1026,988,38
1027,989,38
1028,990,38
1029,991,38
1030,992,38
1031,993,38
1032,994,38
1033,995,38
1034,996,38
1035,997,38
1036,998,38
1037,999,38
1038,1000,38
1039,1001,38
1040,1002,38
1041,1003,38
1042,1004,38
1043,1005,38
1044,1006,38
1045,1007,38
1046,1008,38
1047,1009,38
1048,1010,38
1049,1011,38
1050,1012,38
1051,1013,38
1052,1014,38
1053,1015,38
1054,1016,38
1055,1017,38
1056,1018,38
1057,1019,38
1058,1020,38
1059,1021,38
1060,1022,38
1061,1023,38
1062,1024,38
1063,1025,38
1064,1026,38
1065,1027,38
1066,1028,38
1067,1029,38
1068,1030,38
1069,1031,38
1070,1032,38
1071,1033,38
1072,1034,38
1073,1035,38
1074,1036,38
1075,1037,38
1076,1038,38
1077,1039,38
1078,1040,38
1079,1041,38
1080,1042,38
1081,1043,38
1082,1044,38
1083,1045,38
1084,1046,38
1085,1047,38
1086,1048,38
1087,1049,38
1088,1050,38
1089,1051,38
1090,1052,38
1091,1053,38
1092,1054,38
1093,1055,38
1094,1056,38
1095,1057,38
1096,1058,38
1097,1059,38
1098,1060,38
1099,1061,38
1100,1062,38
1101,1063,38
1102,1064,38
1103,1065,38
1104,1066,38
1105,1067,38
1106,1068,38
1107,1069,38
1108,1070,38
1109,1071,38
1110,1072,38
1111,1073,38
1112,1074,38
1113,1075,38
1114,1076,38
1115,1077,38
1116,1078,38
1117,1079,38
1118,1080,38
1119,1081,38
1120,1082,38
1120,1083,37
1121,1084,37
1122,1085,37
1123,1086,37
1124,1087,37
1125,1088,37
1126,1089,37
1127,1090,37
1128,1091,37
1129,1092,37
1130,1093,37
1131,1094,37
1132,1095,37
1133,1096,37
1134,1097,37
1135,1098,37
1136,1099,37
1137,1100,37
1138,1101,37
1139,1102,37
1140,1103,37
1141,1104,37
1142,1105,37
1143,1106,37
1144,1107,37
1145,1108,37
1146,1109,37
1147,1110,37
1148,1111,37
1149,1112,37
1150,1113,37
1151,1114,37
1152,1115,37
1153,1116,37
1154,1117,37
1155,1118,37
1156,1119,37
1157,1120,37
1158,1121,37
1159,1122,37
1160,1123,37
1161,1124,37
1162,1125,37
1163,1126,37
1164,1127,37
1165,1128,37
1166,1129,37
1167,1130,37
1168,1131,37
1169,1132,37
1170,1133,37
1171,1134,37
1172,1135,37
1173,1136,37
1174,1137,37
1175,1138,37
1176,1139,37
1177,1140,37
1178,1141,37
1179,1142,37
1180,1143,37
1181,1144,37
1182,1145,37
1183,1146,37
1184,1147,37
1185,1148,37
1186,1149,37
1187,1150,37
1188,1151,37
1189,1152,37
1190,1153,37
1191,1154,37
1192,1155,37
1193,1156,37
1194,1157,37
1195,1158,37
1196,1159,37
1197,1160,37
1198,1161,37
1199,1162,37
1200,1163,37
1201,1164,37
1202,1165,37
1203,1166,37
1204,1167,37
1205,1168,37
1206,1169,37
1207,1170,37
1208,1171,37
1209,1172,37
1210,1173,37
1211,1174,37
1212,1175,37
1213,1176,37
1214,1177,37
1215,1178,37
1216,1179,37
1217,1180,37
1218,1181,37
1219,1182,37
1220,1183,37
1221,1184,37
1222,1185,37
1223,1186,37
1224,1187,37
1225,1188,37
1226,1189,37
1227,1190,37
1228,1191,37
1229,1192,37
1230,1193,37
1231,1194,37
1232,1195,37
1233,1196,37
1234,1197,37
1235,1198,37
1236,1199,37
1237,1200,37
1238,1201,37
1239,1202,37
1240,1203,37
1241,1204,37
1242,1205,37
1243,1206,37
1244,1207,37
1245,1208,37
1246,1209,37
1247,1210,37
1248,1211,37
1249,1212,37
1250,1213,37
1251,1214,37
1252,1215,37
1253,1216,37
1254,1217,37
1255,1218,37
1256,1219,37
1257,1220,37
1258,1221,37
1259,1222,37
1260,1223,37
1261,1224,37
1262,1225,37
1263,1226,37
1264,1227,37
1265,1228,37
1266,1229,37
1267,1230,37
1268,1231,37
1269,1232,37
1270,1233,37
1271,1234,37
1272,1235,37
1273,1236,37
1274,1237,37
1275,1238,37
1276,1239,37
1277,1240,37
1278,1241,37
1279,1242,37
1280,1243,37
1281,1244,37
1282,1245,37
1283,1246,37
1284,1247,37
1285,1248,37
1286,1249,37
1287,1250,37
1288,1251,37
1289,1252,37
1290,1253,37
1291,1254,37
1292,1255,37
1293,1256,37
1294,1257,37
1295,1258,37
1296,1259,37
1297,1260,37
1298,1261,37
1299,1262,37
1300,1263,37
1301,1264,37
1302,1265,37
1303,1266,37
1304,1267,37
1305,1268,37
1306,1269,37
1307,1270,37
1308,1271,37
1309,1272,37
1310,1273,37
1311,1274,37
1312,1275,37
1313,1276,37
1314,1277,37
1315,1278,37
1316,1279,37
1317,1280,37
1318,1281,37
1319,1282,37
1320,1283,37
1321,1284,37
1322,1285,37
1323,1286,37
1324,1287,37
1325,1288,37
1326,1289,37
1327,1290,37
1328,1291,37
1329,1292,37
1330,1293,37
1331,1294,37
1332,1295,37
1333,1296,37
1334,1297,37
1335,1298,37
1336,1299,37
1337,1300,37
1338,1301,37
1339,1302,37
1340,1303,37
1341,1304,37
1342,1305,37
1343,1306,37
1344,1307,37
1345,1308,37
1346,1309,37
1347,1310,37
1348,1311,37
1349,1312,37
1350,1313,37
1351,1314,37
1352,1315,37
1353,1316,37
1354,1317,37
1355,1318,37
1356,1319,37
1357,1320,37
1358,1321,37
1359,1322,37
1360,1323,37
1361,1324,37
1362,1325,37
1363,1326,37
1364,1327,37
1365,1328,37
1366,1329,37
1367,1330,37
1368,1331,37
1369,1332,37
1370,1333,37
1371,1334,37
1372,1335,37
1373,1336,37
1374,1337,37
1375,1338,37
1376,1339,37
1377,1340,37
1378,1341,37
1379,1342,37
1380,1343,37
1381,1344,37
1382,1345,37
1383,1346,37
1384,1347,37
1385,1348,37
1386,1349,37
1387,1350,37
1388,1351,37
1389,1352,37
1390,1353,37
1391,1354,37
1392,1355,37
1393,1356,37
1394,1357,37
1395,1358,37
1395,1359,36
1396,1360,36
1397,1361,36
1398,1362,36
1399,1363,36
1400,1364,36
1401,1365,36
1402,1366,36
1403,1367,36
1404,1368,36
1405,1369,36
1406,1370,36
1407,1371,36
1408,1372,36
1409,1373,36
1410,1374,36
1411,1375,36
1413,1377,36
1414,1378,36
1414,1379,35
1415,1380,35
1416,1381,35
1417,1382,35
1418,1383,35
1419,1384,35
1420,1385,35
1421,1386,35
1422,1387,35
1423,1388,35
1424,1389,35
1425,1390,35
1426,1391,35
1427,1392,35
1428,1393,35
1429,1394,35
1430,1395,35
1431,1396,35
1432,1397,35
1433,1398,35
1434,1399,35
1435,1400,35
1436,1401,35
1437,1402,35
1438,1403,35
1439,1404,35
1440,1405,35
1441,1406,35
1442,1407,35
1443,1408,35
1444,1409,35
1445,1410,35
1446,1411,35
1447,1412,35
1448,1413,35
1449,1414,35
1450,1415,35
1451,1416,35
1452,1417,35
1453,1418,35
1454,1419,35
1455,1420,35
1456,1421,35
1457,1422,35
1458,1423,35
1459,1424,35
1460,1425,35
1461,1426,35
1462,1427,35
1463,1428,35
1464,1429,35
1465,1430,35
1466,1431,35
1467,1432,35
1468,1433,35
1469,1434,35
1470,1435,35
1471,1436,35
1472,1437,35
1473,1438,35
1474,1439,35
1475,1440,35
1476,1441,35
1477,1442,35
1478,1443,35
1479,1444,35
1480,1445,35
1481,1446,35
1482,1447,35
1483,1448,35
1484,1449,35
1485,1450,35
1486,1451,35
1487,1452,35
1488,1453,35
1489,1454,35
1490,1455,35
1491,1456,35
1492,1457,35
1493,1458,35
1494,1459,35
1495,1460,35
1496,1461,35
1497,1462,35
1498,1463,35
1499,1464,35
1500,1465,35
1501,1466,35
1502,1467,35
1503,1468,35
1504,1469,35
1505,1470,35
1506,1471,35
1507,1472,35
1508,1473,35
1509,1474,35
1510,1475,35
1512,1477,35
1513,1478,35
1513,1479,34
1514,1480,34
1515,1481,34
1516,1482,34
1517,1483,34
1518,1484,34
1519,1485,34
1520,1486,34
1521,1487,34
1522,1488,34
1523,1489,34
1524,1490,34
1525,1491,34
1526,1492,34
1527,1493,34
1528,1494,34
1529,1495,34
1530,1496,34
1531,1497,34
1532,1498,34
1533,1499,34
1534,1500,34
1535,1501,34
1536,1502,34
1537,1503,34
1538,1504,34
1539,1505,34
1540,1506,34
1541,1507,34
1542,1508,34
1543,1509,34
1544,1510,34
1545,1511,34
1546,1512,34
1547,1513,34
1548,1514,34
1549,1515,34
1550,1516,34
1551,1517,34
1552,1518,34
1553,1519,34
1554,1520,34
1555,1521,34
1556,1522,34
1557,1523,34
1558,1524,34
1558,1525,33
1558,1526,32
1558,1527,31
1558,1528,30
1558,1529,29
1558,1530,28
1558,1531,27
1558,1532,26
1558,1533,25
1558,1534,24
1558,1535,23
1558,1536,22
1558,1537,21
1558,1538,20
1558,1539,19
1558,1540,18
1558,1541,17
1558,1542,16
1558,1543,15
1558,1544,14
1558,1545,13
1558,1546,12
1558,1547,11
1558,1548,10
1558,1549,9
1558,1550,8
1558,1551,7
1558,1552,6
1558,1553,5
1558,1554,4
1558,1555,3
1558,1556,2
1558,1557,1
1558,1558,0
1558,1558,0
